100
41 6
39 44
26 7
22 25
47 13
8 17
18 3
24 25
22 14
33 15
18 7
44 13
33 4
49 9
3 41
3 45
48 43
39 25
0 12
0 48
25 9
15 44
13 39
19 35
4 2
1 22
9 46
35 43
1 35
2 4
27 6
0 26
49 40
1 0
48 28
11 13
22 24
3 41
10 7
44 12
29 4
8 15
47 9
1 0
14 28
6 15
4 6
5 6
6 7
8 4
35 19
17 7
44 20
49 5
27 44
17 7
48 26
22 46
36 24
47 0
2 3
15 7
9 21
13 16
28 22
20 13
41 38
21 36
8 21
41 36
16 9
43 14
35 16
11 21
40 8
22 43
12 38
1 22
9 15
38 37
37 9
1 29
47 23
16 6
45 8
42 11
17 36
26 3
3 37
24 44
46 47
38 8
35 39
30 44
5 19
32 42
28 33
22 25
7 38
31 2
46 24
13 14
11 39
17 14
27 42
8 23
39 47
32 25
36 13
19 42
32 2
35 11
35 7
36 43
46 18
45 43
43 9
7 4
48 25
18 26
18 27
49 8
24 31
33 11
44 3
3 27
5 39
38 41
46 25
34 42
44 30
35 37
39 43
41 38
19 10
14 37
38 14
45 13
46 29
25 41
32 29
18 38
18 6
29 14
32 14
7 26
44 43
13 34
37 5
23 6
15 38
44 4
2 40
18 49
19 43
40 1
22 8
40 41
15 19
6 47
34 13
23 28
7 37
13 45
42 36
1 8
24 46
12 26
36 30
26 5
24 16
7 46
25 47
38 40
17 44
38 1
8 12
29 15
49 42
10 42
29 12
0 3
8 13
30 44
44 6
49 18
22 7
15 48
4 3
39 21
47 28
22 5
40 2
21 40
45 32
32 24
44 33
27 3
46 7
47 40
