1000
765 928
712 205
19 289
664 610
388 84
488 784
305 194
38 109
741 816
456 667
996 25
446 158
722 156
428 954
931 808
427 697
736 140
902 756
429 567
366 818
651 855
602 957
50 641
66 791
457 523
458 454
548 904
612 270
61 41
225 993
849 653
690 586
793 592
342 223
160 709
41 811
564 644
769 614
286 835
406 743
358 865
198 906
770 810
177 831
852 402
825 701
56 516
288 849
109 630
73 269
339 115
81 904
760 850
518 46
685 925
790 44
790 988
950 560
799 127
392 651
530 217
353 586
734 641
436 843
272 510
112 611
625 193
516 386
44 34
432 730
960 222
774 750
211 724
311 10
852 703
661 383
921 14
970 655
656 407
498 928
917 611
540 543
805 56
929 849
91 361
579 51
584 354
801 795
79 112
805 932
816 467
315 737
482 285
392 138
692 891
67 610
502 607
153 307
663 82
157 754
444 737
805 28
92 607
824 171
720 630
103 536
97 418
273 579
704 666
718 397
557 785
7 60
393 160
368 56
243 526
810 687
264 616
716 356
224 540
527 944
170 630
480 268
49 754
848 754
420 567
152 978
352 159
39 745
320 408
802 564
934 613
251 198
229 968
554 453
508 82
398 679
712 878
948 762
633 796
517 54
363 669
33 716
829 72
462 150
480 264
714 415
877 966
614 107
935 168
561 443
251 959
123 964
838 71
726 472
868 244
526 232
914 559
948 743
632 410
894 113
675 609
528 553
575 142
660 511
311 222
955 563
182 78
527 21
150 254
493 19
498 19
251 412
579 199
156 211
610 50
324 286
659 853
839 235
996 500
746 308
722 701
871 904
780 398
925 931
652 419
950 151
438 201
563 18
401 719
229 12
770 554
298 430
407 137
665 403
638 412
712 360
113 583
265 894
982 191
825 635
610 775
786 48
977 350
66 378
70 296
391 840
850 689
270 257
827 936
661 465
348 373
826 462
957 91
356 940
282 181
575 892
957 361
941 934
712 8
313 782
304 704
623 155
393 894
413 221
830 75
687 178
449 513
641 406
604 997
346 887
179 922
780 136
283 721
70 995
730 384
778 35
88 401
190 481
295 603
703 126
678 390
305 127
903 946
534 508
944 881
396 123
803 176
260 87
898 331
82 628
715 861
663 803
263 854
285 558
457 988
685 136
379 990
264 283
936 798
792 881
680 188
4 483
365 265
570 263
596 653
892 311
514 556
115 777
410 400
336 868
389 21
5 768
12 269
52 949
68 844
830 748
33 835
231 398
100 801
662 696
455 554
8 969
111 123
747 521
523 84
389 912
106 395
681 118
664 733
67 732
578 898
481 611
733 712
9 833
514 672
530 969
226 538
939 337
661 687
859 185
772 249
98 878
644 779
997 308
513 65
41 91
963 522
702 696
235 712
530 750
384 60
720 611
598 660
949 260
347 809
446 119
58 544
998 702
324 995
11 837
60 53
929 24
576 632
720 812
344 251
562 729
311 283
340 910
943 290
171 291
99 617
411 157
161 409
860 485
405 872
323 465
926 252
489 503
884 210
315 229
461 878
958 773
161 299
683 105
590 855
396 689
472 807
847 634
217 708
119 622
581 442
88 507
695 577
10 580
788 326
809 250
204 767
23 365
67 707
471 657
562 867
346 34
675 194
668 892
902 788
514 484
231 602
991 927
180 2
507 969
328 316
219 532
84 242
898 151
950 369
809 512
236 156
547 912
350 216
804 253
5 318
737 237
921 728
164 101
731 671
70 59
988 290
592 72
533 490
224 483
860 33
996 97
189 544
9 540
761 813
793 766
132 531
3 53
259 168
155 991
840 226
50 828
517 643
900 50
133 125
533 993
159 530
90 349
74 99
889 835
913 683
602 45
214 606
99 474
774 255
465 614
482 516
442 999
159 343
49 292
469 583
286 628
113 377
977 187
477 866
23 390
549 625
436 763
231 536
238 6
791 703
620 273
219 63
272 378
407 322
671 876
905 958
504 19
335 482
206 812
349 230
203 899
856 639
663 88
176 901
94 967
604 715
241 823
779 514
202 186
836 874
62 742
832 567
761 167
50 968
980 399
198 184
298 54
824 961
142 0
862 237
967 467
952 209
291 731
723 493
918 559
367 981
301 200
549 63
367 599
31 348
999 229
532 297
284 357
259 427
357 122
664 325
589 617
534 880
348 258
374 266
817 742
248 119
942 797
183 310
396 214
658 395
443 191
693 728
548 953
155 906
75 819
231 665
437 766
546 785
24 920
52 842
663 300
962 605
98 145
916 494
359 575
890 803
766 583
531 315
536 686
222 612
506 453
278 943
220 824
729 244
745 782
87 408
83 49
14 181
194 930
676 554
505 566
357 272
150 889
588 687
576 810
299 82
264 578
26 484
402 756
728 148
539 815
557 622
865 571
804 60
502 480
614 8
47 972
280 197
861 868
884 437
678 184
520 942
762 546
427 165
303 155
313 842
971 871
464 837
442 269
897 945
749 511
953 796
483 233
994 345
102 879
782 781
63 302
724 826
849 151
992 152
307 306
994 279
177 459
116 620
728 14
565 478
525 519
275 9
752 269
354 855
148 137
637 212
440 361
39 289
513 32
441 821
338 436
100 516
896 217
137 624
231 702
102 757
221 378
767 974
647 122
830 796
259 467
9 699
829 49
989 343
81 431
164 420
867 265
937 763
483 74
388 714
777 491
472 999
869 239
974 517
361 804
314 621
272 323
321 102
372 310
445 454
742 609
875 610
875 812
373 358
886 762
72 663
253 545
663 123
785 637
640 146
441 954
768 714
278 90
816 651
400 261
105 142
871 980
752 746
793 126
104 680
889 177
343 143
722 7
266 507
644 907
654 86
862 423
800 140
513 617
791 914
878 897
57 750
877 810
496 671
936 600
351 826
778 695
969 500
702 236
8 346
143 663
432 5
86 233
145 600
850 937
514 729
834 571
480 712
381 976
383 318
577 734
144 355
430 114
856 132
350 865
479 493
529 912
498 615
145 644
215 996
581 730
726 416
301 206
128 683
183 512
1 760
247 146
116 677
260 973
809 610
839 288
104 368
200 602
984 346
247 200
343 829
930 69
245 232
276 374
915 459
886 917
220 133
63 337
810 324
311 620
934 150
908 38
519 109
641 503
455 889
704 799
718 635
869 964
867 145
338 783
605 224
700 825
357 764
163 168
88 474
788 23
625 697
62 145
806 704
648 262
593 353
62 311
988 931
275 855
76 614
639 681
838 339
507 196
104 670
365 192
145 153
216 771
851 278
916 657
982 565
920 576
918 982
887 906
913 163
762 990
777 401
671 616
741 179
812 845
850 177
38 996
331 255
767 182
533 683
840 516
249 761
92 167
743 980
74 657
144 837
647 921
239 319
537 981
499 350
827 349
528 866
345 859
121 112
42 655
796 882
171 45
643 264
213 387
244 288
45 388
125 693
310 365
13 848
346 512
199 173
862 727
39 207
587 161
320 629
816 117
512 987
163 156
252 376
543 497
664 589
886 790
282 196
156 295
45 502
807 245
676 669
972 716
877 560
877 198
190 693
315 702
681 478
859 933
855 403
431 519
992 317
310 274
514 466
570 559
969 378
804 646
48 777
362 926
338 239
124 528
933 439
231 614
918 91
548 773
494 979
293 486
296 603
761 811
70 332
371 40
710 176
686 758
953 48
684 292
288 809
821 221
249 53
836 167
144 384
940 638
364 234
124 661
837 886
472 908
218 843
948 928
19 634
687 973
682 372
266 971
181 87
192 430
140 29
598 284
413 539
922 778
773 47
440 611
934 912
519 152
756 467
81 776
102 769
750 785
141 16
756 323
104 949
754 244
978 353
529 391
892 452
170 665
500 610
276 434
523 795
587 280
263 668
56 365
437 806
151 579
823 907
903 927
856 657
172 834
10 702
226 903
155 397
568 655
7 844
90 531
640 677
811 904
345 867
270 783
674 421
362 498
328 265
426 185
923 598
20 934
301 246
837 456
644 405
111 651
250 201
183 890
879 994
795 224
862 65
8 536
486 370
35 815
636 461
1 559
60 21
494 361
268 331
817 912
736 929
564 987
131 747
878 10
741 673
235 604
738 243
140 225
614 176
41 250
637 42
810 697
64 304
59 332
636 877
245 372
806 809
360 938
557 238
949 298
911 184
902 650
427 43
876 42
220 917
293 857
960 103
555 24
408 614
357 44
491 602
417 298
412 777
237 969
15 186
268 927
370 171
578 798
215 454
841 435
371 134
292 331
237 848
355 646
462 712
691 954
315 108
253 727
886 490
696 902
677 964
829 47
136 408
846 351
862 687
786 233
821 78
565 59
926 920
706 389
633 397
344 949
505 597
676 392
88 373
294 765
338 124
813 474
532 660
825 394
347 611
628 169
690 193
228 617
114 934
6 748
331 351
697 837
948 374
229 37
747 524
803 85
648 616
560 180
276 385
575 624
997 203
793 687
396 22
305 510
957 311
258 288
663 955
126 611
330 356
649 77
880 452
163 529
69 723
710 346
109 285
970 106
488 764
794 885
786 99
395 743
411 654
32 74
610 159
686 940
515 336
17 396
789 181
925 858
905 636
205 15
921 176
122 410
940 916
295 727
16 691
471 428
345 503
503 956
663 189
896 178
525 914
575 314
95 501
173 1
137 378
16 59
554 138
469 495
55 765
222 72
456 694
500 802
197 3
759 861
193 655
39 718
569 615
33 665
116 207
667 254
586 683
313 141
822 782
636 877
548 859
949 5
553 450
807 751
453 567
612 646
222 652
365 792
267 399
458 384
606 125
639 192
809 952
333 631
735 970
509 283
829 459
289 383
909 97
135 363
664 747
9 886
400 375
679 667
774 137
52 381
262 692
574 72
644 907
704 380
878 213
664 708
673 953
91 582
50 226
946 714
974 955
601 374
331 280
42 106
417 95
487 680
787 61
753 431
969 457
812 848
670 476
556 344
429 648
926 480
874 872
194 849
828 796
223 160
76 266
266 494
361 753
174 148
815 927
580 785
384 392
633 55
869 189
399 299
837 326
779 712
199 974
562 28
770 785
188 847
52 454
341 413
208 516
562 23
443 142
809 828
535 442
884 405
632 284
704 469
611 484
182 810
459 744
838 230
530 26
77 582
480 418
996 689
934 558
712 378
701 521
207 237
964 92
642 596
376 346
66 987
831 249
798 290
993 636
520 524
663 597
106 144
16 102
833 951
661 546
330 362
68 537
599 32
630 242
629 7
588 695
995 420
944 793
710 938
430 231
462 94
828 569
238 845
672 71
796 333
618 127
696 686
664 295
718 295
537 347
302 126
43 297
547 987
90 257
926 521
489 388
615 318
958 853
163 630
925 960
963 543
87 660
229 752
955 948
47 493
296 349
620 339
646 168
327 737
426 254
258 915
642 873
233 601
727 396
231 652
357 195
196 444
855 426
197 811
375 244
305 671
594 926
11 241
94 338
978 520
593 237
435 235
111 669
837 838
66 68
491 423
263 688
868 119
114 65
931 489
310 236
161 905
162 172
146 257
511 125
778 104
363 214
340 474
883 177
313 949
246 805
373 510
493 241
629 607
307 560
97 618
797 258
523 959
431 670
217 942
796 995
46 159
209 387
634 93
564 947
42 810
752 416
320 245
658 950
853 965
510 951
584 307
210 108
267 641
778 485
584 574
480 631
734 690
18 368
783 583
315 826
394 68
242 714
313 900
665 167
866 176
118 450
484 329
559 751
970 337
237 554
912 717
185 647
408 204
15 191
787 331
18 181
399 260
896 713
161 561
881 28
737 0
479 221
329 38
973 300
376 210
855 288
928 41
936 337
245 951
528 33
283 546
214 683
807 111
397 969
673 278
997 410
278 476
632 608
514 606
908 890
817 763
179 745
804 115
82 50
67 611
83 351
158 298
34 966
409 431
935 83
710 933
494 989
410 126
597 924
733 505
815 550
269 995
296 74
111 379
124 179
991 208
530 149
506 565
116 916
997 52
0 707
985 494
696 395
621 293
320 354
799 136
904 69
132 201
143 243
580 268
423 571
477 953
721 984
519 838
901 516
890 901
223 876
395 920
272 16
214 593
370 14
730 275
83 862
477 227
106 57
496 529
629 973
483 351
957 2
189 858
519 80
759 742
957 155
662 229
171 877
823 542
891 553
818 975
415 295
202 522
353 699
52 982
672 535
334 630
538 523
489 57
604 249
800 561
404 463
791 576
340 614
119 231
167 938
206 583
233 409
105 586
108 157
569 781
693 903
412 231
427 901
289 31
151 89
592 555
552 383
132 892
998 252
124 165
190 331
748 423
740 853
10 849
11 579
631 704
483 43
935 910
944 224
941 95
313 534
651 866
918 784
759 916
36 883
82 226
215 830
650 955
684 660
805 695
240 436
399 723
479 335
634 424
559 576
519 873
110 171
740 29
955 499
946 992
382 28
218 597
859 868
553 543
529 359
238 769
795 638
493 274
973 127
699 533
703 219
407 814
390 147
844 346
647 790
338 30
818 556
628 677
425 181
221 954
541 460
724 336
99 217
611 73
344 310
606 48
529 14
863 920
162 707
266 809
497 604
839 316
161 467
994 586
649 215
541 190
676 265
527 775
482 138
848 827
449 455
875 979
470 739
899 632
446 166
442 943
770 281
260 932
749 254
518 399
470 59
590 147
325 117
922 807
256 771
635 706
226 511
685 696
250 585
329 696
751 771
640 522
53 900
454 803
155 973
202 626
33 792
774 358
910 697
468 801
873 695
313 558
391 563
144 721
259 896
492 900
418 546
800 873
349 956
846 551
583 880
344 357
238 254
54 405
421 522
206 294
218 519
853 610
83 998
331 343
894 824
243 313
370 44
186 719
0 33
270 584
913 615
942 152
869 996
557 291
519 764
585 737
284 439
347 367
437 678
710 332
502 953
645 873
998 831
592 998
865 863
583 779
478 525
931 348
521 489
639 41
253 225
779 538
665 126
905 103
805 616
435 308
570 80
182 568
912 774
567 777
638 150
556 116
675 488
465 197
978 104
239 231
330 18
770 995
145 675
98 951
291 534
260 861
614 442
429 527
216 996
304 854
147 861
971 823
350 436
20 328
541 260
560 872
278 330
868 424
6 967
375 298
501 635
160 116
77 590
643 294
586 948
149 734
809 121
557 160
557 578
488 99
838 49
972 116
379 840
540 386
807 916
684 308
551 844
425 629
434 68
924 21
16 74
755 826
195 312
986 753
891 475
852 729
525 824
846 905
665 386
291 472
302 975
781 854
819 206
484 253
275 408
275 291
482 30
117 678
343 104
431 234
580 284
963 105
109 809
10 774
196 301
247 499
276 29
354 96
236 838
350 511
247 625
802 729
655 920
407 999
25 839
234 605
123 197
710 232
7 721
7 204
22 254
704 299
283 58
396 519
896 746
31 143
372 833
873 27
754 281
27 779
120 261
384 244
459 95
476 467
816 484
671 839
738 375
139 22
434 535
542 330
282 573
474 654
407 347
682 162
629 709
941 749
971 326
993 430
422 470
898 239
954 570
78 693
946 218
716 380
753 259
710 36
833 185
690 241
532 372
403 162
82 345
911 54
671 905
484 94
376 383
333 331
953 412
25 899
630 741
280 383
1 991
419 834
176 110
75 709
482 478
871 565
824 783
619 496
689 104
590 65
487 923
397 441
335 422
341 965
164 621
349 165
612 769
0 788
879 75
497 362
554 369
928 378
152 547
874 841
652 464
907 140
388 304
581 723
727 923
689 891
544 39
57 157
808 57
945 687
132 443
50 686
813 978
65 965
526 939
807 178
403 714
318 792
18 900
515 746
823 205
637 368
244 694
525 53
752 471
740 884
915 791
571 728
769 636
694 295
576 501
474 979
215 792
771 234
693 287
980 516
493 618
885 738
313 411
791 65
882 532
950 798
323 522
526 93
159 221
388 735
722 862
715 938
655 487
173 348
775 154
865 268
773 751
6 86
162 797
152 45
329 103
843 653
626 370
746 785
591 134
521 314
997 236
253 653
723 426
2 499
581 868
767 354
619 774
441 782
572 594
827 902
698 670
555 324
41 301
109 632
436 630
947 434
867 200
88 590
627 90
90 208
959 858
563 579
632 5
361 205
600 189
107 298
860 663
622 901
965 731
534 401
362 481
836 229
682 924
820 309
15 910
518 975
768 82
554 401
88 916
607 688
105 714
986 966
378 608
867 343
340 402
745 703
883 581
932 566
506 753
875 522
663 394
498 432
476 52
834 565
969 441
253 75
156 239
41 534
848 909
878 189
311 623
892 194
205 824
761 712
577 636
235 241
31 733
674 508
786 509
73 755
950 326
831 107
566 872
642 414
781 520
604 92
144 496
287 350
321 48
62 899
685 297
140 717
30 815
225 817
324 299
572 275
625 404
382 192
276 24
607 58
545 211
151 689
707 438
39 28
487 102
927 173
400 68
890 431
884 115
248 208
414 821
484 40
225 866
232 502
891 839
560 437
51 711
127 758
150 167
787 637
269 714
810 670
783 701
101 667
816 349
875 231
171 360
272 396
226 504
898 118
344 458
556 395
170 683
154 320
851 941
958 120
655 769
791 439
470 892
106 287
242 982
519 413
342 791
809 569
296 707
688 641
166 244
36 337
927 191
658 778
132 616
899 788
386 690
227 857
583 333
145 825
316 664
238 658
456 47
227 752
755 915
394 922
160 431
259 87
622 917
866 754
534 766
542 920
457 770
778 40
104 923
865 420
588 104
78 44
152 306
797 907
222 191
830 382
622 90
470 244
7 337
999 542
104 542
463 561
312 241
602 416
164 468
837 752
572 915
797 724
222 594
632 444
785 462
827 408
553 297
652 560
635 652
103 739
194 566
300 507
808 903
924 973
371 761
725 943
677 523
668 900
117 300
345 903
763 172
311 316
470 964
877 105
617 981
844 811
547 145
319 356
48 243
329 420
5 55
363 683
578 32
583 695
333 928
599 96
100 911
413 571
875 291
676 493
272 521
305 820
667 624
176 716
868 505
136 873
560 500
557 138
532 140
834 865
69 434
962 169
345 376
741 221
667 418
714 939
939 19
760 607
644 936
323 512
441 459
386 2
959 943
141 492
84 975
357 153
410 320
323 755
696 64
976 363
482 691
303 422
711 64
29 355
0 352
867 442
812 254
445 772
197 586
264 281
562 621
435 972
942 758
727 638
822 704
2 305
396 306
727 107
370 757
462 370
110 329
813 922
584 258
695 781
844 959
63 406
581 498
379 523
257 106
162 79
811 164
384 207
470 112
314 840
870 776
211 980
106 24
903 690
283 598
472 127
558 536
534 139
35 913
663 292
20 825
372 831
989 757
39 459
869 353
300 740
130 511
720 237
536 624
928 819
222 400
947 780
937 482
920 973
396 583
265 416
408 638
248 397
395 288
857 265
641 157
5 772
669 725
9 205
350 937
25 572
338 973
353 276
455 274
249 851
857 514
268 265
152 517
663 548
805 521
813 447
679 818
219 348
544 229
554 894
166 580
467 505
553 821
781 9
95 30
861 952
545 129
218 698
647 882
246 452
403 59
899 83
878 119
431 422
348 986
317 515
567 784
20 121
605 801
130 700
831 991
653 377
121 871
75 768
754 321
221 158
381 121
241 259
240 673
682 589
659 999
104 226
783 124
348 389
926 478
90 757
470 743
135 591
615 210
360 369
532 581
527 913
703 768
173 943
441 855
532 101
854 636
328 637
761 676
27 687
155 117
445 625
860 580
217 476
791 577
845 323
159 373
237 862
142 410
806 584
265 338
685 119
975 14
757 737
691 784
424 846
902 869
471 762
450 688
238 241
266 84
565 425
458 802
287 600
212 94
184 477
432 870
596 408
884 354
145 575
139 570
422 41
440 893
804 891
582 42
132 848
127 697
273 585
500 561
185 712
655 370
189 88
240 786
497 125
141 643
701 280
214 123
321 654
17 125
545 599
168 678
447 295
376 721
881 876
283 66
588 939
437 778
28 678
564 525
803 706
169 505
986 383
629 307
38 646
433 583
246 601
262 694
897 638
415 778
514 699
845 103
638 283
881 666
961 446
192 765
152 362
270 138
745 899
446 783
546 880
367 792
482 629
486 379
268 902
158 782
601 4
885 239
287 767
906 248
213 98
13 366
460 284
504 206
183 951
990 730
831 357
522 313
987 9
693 255
911 851
38 512
855 923
752 143
691 658
391 904
757 405
270 217
689 775
424 872
727 414
603 559
772 125
872 759
135 566
15 46
418 53
559 274
977 311
417 668
970 808
573 727
213 843
944 902
619 369
775 346
783 378
905 555
504 778
315 639
345 330
686 763
383 245
37 360
557 454
29 527
263 602
254 477
446 199
379 65
568 155
412 352
534 318
907 38
97 223
678 442
553 364
205 937
610 243
298 167
697 327
695 960
929 949
437 375
149 817
441 717
973 854
69 507
172 977
546 270
200 224
712 754
589 918
691 200
161 990
367 859
317 62
820 247
12 257
623 161
75 65
879 48
919 949
556 92
926 102
362 127
327 75
882 916
994 573
117 155
563 484
15 881
547 835
129 560
93 752
721 169
817 600
217 736
549 774
828 476
876 191
604 204
266 486
121 261
60 238
417 624
722 432
505 270
267 635
830 361
387 552
530 204
153 748
941 703
522 770
179 399
962 784
603 229
270 724
490 331
962 907
955 685
340 461
956 608
96 787
969 483
339 499
688 492
248 630
195 770
401 375
169 363
160 773
592 430
497 83
762 460
991 717
146 331
178 103
939 274
890 908
758 229
408 447
722 656
78 918
427 479
294 597
843 454
370 436
885 868
519 647
329 510
364 476
841 543
579 780
818 469
689 576
699 98
24 421
754 102
339 182
582 633
779 425
88 150
861 973
18 381
620 347
891 984
824 733
528 403
514 346
872 203
923 572
301 947
993 56
50 333
239 632
967 18
58 55
169 919
29 187
300 649
535 192
634 359
925 162
762 439
508 635
643 431
207 945
379 201
2 430
535 241
62 503
260 120
559 429
40 588
617 341
238 152
533 872
512 459
35 275
898 543
910 542
975 118
487 354
320 489
784 856
731 847
360 991
968 920
421 9
509 38
350 747
191 884
620 703
343 655
978 242
199 889
784 174
7 271
529 328
761 314
185 492
162 545
484 131
465 906
140 974
944 491
722 135
375 342
839 718
998 817
960 197
706 745
371 714
16 901
43 778
215 228
271 378
774 756
509 239
662 649
214 607
140 936
743 516
279 582
234 277
400 195
474 107
940 846
821 957
748 865
735 964
93 6
342 867
763 851
107 425
501 322
32 641
259 775
157 538
358 392
816 758
588 291
865 528
138 687
486 886
552 221
850 646
228 192
513 991
44 621
417 545
943 449
187 203
225 345
742 583
737 558
341 325
850 206
854 988
894 340
874 446
562 725
92 791
918 606
783 962
228 200
508 171
650 695
375 875
40 117
459 778
675 800
104 525
7 959
514 901
300 389
348 862
114 440
654 33
47 437
995 275
638 503
447 289
199 822
164 240
939 624
18 615
425 123
141 432
82 655
334 382
45 683
245 160
124 899
193 171
337 188
446 975
692 894
264 892
716 429
132 656
53 150
271 479
273 413
912 356
68 246
738 114
930 983
274 54
882 467
225 220
656 672
195 349
566 460
241 283
890 373
939 944
524 211
423 798
624 335
154 693
582 892
807 512
875 82
567 758
549 792
978 206
465 174
555 32
635 797
315 525
170 255
470 695
467 893
493 91
229 647
785 811
540 593
324 416
675 891
174 225
684 153
431 150
327 987
182 963
784 498
488 955
753 958
650 221
852 144
312 81
791 98
893 332
691 217
748 367
109 922
592 793
76 24
943 404
12 126
367 797
624 856
752 378
814 403
599 667
548 912
749 340
11 642
672 702
860 420
70 969
342 662
763 419
687 707
823 699
833 190
496 458
46 249
837 861
653 436
528 201
349 277
541 360
920 213
63 780
633 133
750 976
796 514
395 483
221 218
183 55
409 679
513 455
928 351
317 581
787 846
783 137
124 324
498 44
537 561
825 171
695 575
147 491
89 542
975 311
761 158
366 170
838 880
626 766
231 944
348 19
790 131
157 914
455 655
959 993
217 784
164 912
360 311
403 449
854 379
761 616
537 128
787 375
9 414
142 240
358 491
260 149
622 418
64 78
73 23
72 290
807 237
203 168
549 607
617 403
986 379
20 523
507 807
899 516
222 42
757 580
533 18
729 156
436 793
235 509
817 307
800 625
544 3
793 93
610 411
497 596
790 518
120 297
326 20
814 548
62 571
128 595
589 858
751 25
652 987
535 469
294 335
94 839
338 887
933 949
299 431
545 89
949 666
386 275
686 200
823 748
772 952
344 361
811 96
387 463
83 922
933 378
258 28
217 597
916 151
546 215
583 92
304 532
758 691
808 445
892 632
193 664
585 538
26 396
634 414
860 717
337 793
95 595
822 313
192 738
464 739
954 47
831 258
580 590
950 389
35 842
22 229
507 607
767 534
3 402
949 864
119 286
658 214
881 480
527 74
219 992
814 173
40 646
431 620
236 382
10 272
225 32
502 733
639 270
268 643
672 217
507 792
503 166
6 385
646 534
460 865
527 274
38 567
920 470
188 157
852 198
429 78
230 932
811 870
202 79
513 875
296 21
667 800
187 673
185 834
208 645
699 735
919 738
303 840
209 491
997 61
689 427
140 920
359 951
790 561
30 304
436 327
326 103
127 514
777 312
348 986
958 48
721 878
786 24
718 995
516 715
57 205
143 197
125 502
149 916
64 179
220 500
507 546
604 634
60 382
947 409
368 905
457 90
783 244
115 502
240 631
218 298
836 361
495 962
863 645
878 927
825 99
428 332
645 32
966 706
415 913
115 783
819 573
873 602
817 989
104 58
620 323
356 457
684 852
420 547
497 298
475 322
398 903
654 43
936 621
750 351
534 866
135 354
439 9
956 257
998 61
315 619
384 671
76 69
523 497
617 21
796 92
343 194
996 997
238 933
619 988
284 153
854 420
507 294
430 464
552 428
526 867
48 911
539 125
980 63
622 598
84 418
690 427
612 687
425 850
620 44
839 905
198 694
325 706
989 755
171 541
184 698
408 232
609 948
357 590
11 979
188 95
398 879
523 10
566 949
861 186
994 701
91 193
395 417
900 384
172 71
925 357
769 334
589 379
282 947
970 294
927 158
390 325
38 913
336 604
863 198
791 858
899 882
51 295
300 951
679 472
23 605
829 793
940 419
173 222
366 143
517 293
302 907
619 340
821 955
945 684
154 736
543 53
619 594
348 919
546 28
392 570
634 222
363 574
641 536
797 8
680 314
302 982
222 921
323 43
877 268
728 31
4 271
85 624
866 434
543 413
462 935
983 97
157 347
672 799
883 470
807 564
785 109
546 7
30 869
50 908
138 779
939 142
51 24
766 917
459 310
330 922
246 314
19 403
661 691
203 545
161 10
109 946
120 656
954 150
526 5
59 664
784 998
807 835
23 574
753 482
884 84
405 130
398 424
534 60
116 738
605 278
748 715
225 868
371 179
19 897
184 78
562 969
77 369
805 101
943 558
584 828
643 989
959 42
413 494
102 530
232 707
808 980
423 33
849 794
213 868
692 398
947 254
367 24
623 172
126 567
731 710
395 374
699 354
416 113
848 518
643 81
226 451
61 649
485 911
444 698
780 136
96 727
391 464
752 14
637 878
582 368
589 977
743 288
332 159
401 181
678 44
262 905
496 324
555 982
235 0
680 15
136 777
743 527
242 496
542 879
375 124
248 964
102 991
252 434
151 654
616 830
699 878
736 195
203 291
178 438
291 858
454 428
636 198
956 879
695 499
758 70
623 6
34 726
997 287
160 149
942 777
979 641
655 715
837 858
7 15
297 298
874 752
727 511
951 684
390 646
183 149
716 807
155 751
533 153
39 694
303 981
471 282
623 126
998 461
985 5
476 283
304 351
35 31
862 986
716 253
632 899
402 349
706 558
100 239
712 140
934 15
121 405
298 745
532 296
206 517
301 683
801 606
34 836
637 897
823 353
150 456
253 553
806 959
112 907
199 825
47 134
840 169
539 139
914 71
436 121
589 737
804 390
343 838
227 981
735 51
335 886
508 588
440 314
548 552
221 748
377 269
882 218
438 422
358 353
493 794
474 83
532 278
473 876
116 701
857 852
752 193
739 261
782 179
575 331
732 797
80 109
66 962
328 504
385 686
858 878
480 332
961 12
610 435
888 727
137 746
579 890
940 319
151 722
498 726
53 230
524 133
340 590
96 668
95 481
355 953
360 835
286 322
848 896
758 737
623 895
484 203
785 424
522 937
146 21
664 200
252 188
334 592
779 431
261 874
913 616
828 273
452 114
596 300
11 354
38 634
250 522
838 35
946 361
972 93
383 636
294 635
825 628
227 604
60 489
479 973
105 307
247 557
422 843
858 433
198 896
68 448
419 907
484 366
268 457
459 652
94 753
287 919
382 515
524 443
4 3
416 110
311 664
667 733
508 526
167 706
423 235
155 842
142 640
208 411
97 668
64 192
422 351
111 805
867 636
248 872
639 665
982 951
329 649
684 837
176 851
544 599
87 699
441 230
339 650
642 437
319 706
629 741
58 741
547 925
377 795
797 17
460 780
968 790
429 653
627 606
505 171
205 592
871 647
823 211
297 465
648 617
172 278
359 230
20 906
156 398
702 953
415 162
734 384
952 163
37 580
770 542
752 975
135 623
622 958
834 920
424 483
537 596
762 897
827 782
803 983
180 505
937 596
668 671
980 621
835 18
201 605
561 954
581 697
577 204
656 412
124 80
896 662
677 658
559 505
441 363
488 621
868 426
217 537
98 198
158 933
216 360
539 778
314 120
475 892
324 131
304 449
211 201
111 889
859 671
394 300
34 883
922 903
309 140
440 407
338 598
341 555
959 880
333 273
1 808
165 325
939 470
775 151
671 887
41 531
558 435
832 592
318 755
495 628
895 936
35 234
534 377
789 493
257 123
767 258
931 933
584 871
403 359
23 75
247 64
607 805
499 440
398 818
195 894
446 91
830 482
325 365
859 115
858 117
239 626
376 171
559 961
42 963
321 66
39 568
130 647
373 630
87 772
448 283
666 895
375 497
378 701
862 238
816 721
355 55
347 732
226 906
693 269
870 14
335 909
583 466
556 957
96 644
729 545
928 395
441 303
893 819
4 755
58 821
476 413
876 823
146 103
730 839
373 600
854 709
510 437
175 67
395 272
711 124
817 639
520 258
942 413
78 947
168 136
768 645
550 645
468 696
748 199
536 122
800 391
831 310
829 6
377 224
278 89
348 96
728 869
355 671
282 434
618 451
570 387
96 121
32 565
818 781
764 355
903 564
747 735
875 576
741 253
801 20
342 149
117 71
19 472
743 301
906 362
752 477
749 848
599 781
413 417
563 178
773 466
743 520
201 618
96 943
871 897
964 214
47 81
285 66
554 29
368 461
391 120
938 140
969 537
922 383
955 485
561 729
952 304
249 154
923 346
97 795
244 62
9 292
144 295
359 698
325 727
159 716
848 98
857 818
636 780
201 592
265 763
321 218
68 571
372 991
917 470
787 162
532 797
454 677
93 813
375 418
541 535
134 389
634 992
207 271
772 409
863 37
172 185
256 240
756 628
232 674
98 19
836 631
816 290
308 909
103 684
327 645
220 462
34 854
454 242
125 226
651 988
264 823
174 520
64 930
149 296
604 248
315 440
879 132
730 188
41 834
872 369
480 92
832 514
947 287
757 72
513 408
61 778
232 235
299 296
166 448
592 771
696 908
211 576
40 942
764 82
777 637
452 257
730 285
772 677
572 529
750 85
938 812
864 170
47 164
466 214
612 59
985 309
968 197
886 9
139 650
92 917
288 544
174 18
829 947
696 401
477 446
487 415
258 352
585 306
516 52
521 129
112 506
438 80
703 325
89 843
976 181
760 264
726 935
283 556
882 979
958 359
426 446
775 685
798 360
991 314
413 512
444 526
19 883
606 722
208 696
565 184
878 326
448 605
261 731
161 144
711 119
504 137
565 279
822 364
640 814
679 54
327 123
580 346
6 187
69 214
883 635
398 762
961 847
367 223
579 529
367 290
649 872
428 215
151 251
579 792
66 258
846 393
382 427
740 388
614 809
603 498
444 2
260 405
849 628
628 429
157 996
720 807
868 148
22 20
400 601
813 466
860 660
860 243
87 600
631 701
410 235
199 854
238 460
260 87
89 888
517 246
885 237
54 754
385 76
774 786
678 588
253 538
248 114
781 335
714 413
37 124
649 237
979 887
698 239
975 787
127 492
34 13
729 88
767 115
164 541
902 842
130 155
381 378
269 163
714 984
577 751
109 226
989 88
114 687
327 90
474 455
582 508
468 312
596 235
427 760
777 330
603 907
485 985
286 755
148 0
739 726
751 848
952 740
936 67
428 264
157 902
719 740
410 188
52 7
423 480
768 201
810 371
109 295
357 395
50 505
395 790
231 147
639 184
888 576
252 316
840 409
218 559
149 629
748 201
636 171
682 404
373 492
776 482
787 133
877 838
638 273
629 870
420 268
55 308
844 307
624 685
717 842
244 866
471 993
68 108
164 750
512 538
243 289
20 30
422 898
869 61
171 499
931 591
767 987
900 612
294 524
297 11
367 542
878 839
535 947
947 700
698 460
238 941
749 259
972 171
158 841
233 330
341 165
922 109
152 822
721 446
347 19
458 714
562 337
554 97
284 502
798 982
962 37
923 712
297 895
884 455
737 117
785 78
282 707
188 434
530 910
881 877
929 340
592 491
677 146
589 962
648 387
944 611
424 868
323 722
764 207
177 501
324 963
580 607
671 768
42 201
678 923
79 608
264 671
99 942
817 689
904 466
76 849
77 501
717 400
223 481
608 401
983 933
365 563
540 36
332 582
238 11
506 318
619 771
989 719
713 807
408 617
273 484
466 351
986 183
751 210
665 359
612 648
293 977
212 833
14 544
416 252
555 923
570 174
694 560
894 407
368 302
24 641
787 491
993 773
675 744
984 340
104 596
989 397
574 201
231 588
745 647
841 301
571 412
476 265
972 370
673 340
672 698
982 460
189 975
233 864
720 218
205 825
814 195
223 388
396 455
977 142
103 818
443 674
230 920
939 203
291 612
544 963
311 526
423 500
502 657
365 223
875 571
49 690
766 272
79 162
728 57
305 831
875 749
505 106
669 445
309 960
58 853
924 369
380 348
869 883
6 235
106 882
806 156
572 573
429 652
736 157
709 41
988 585
790 493
691 460
938 0
420 996
854 345
366 234
693 235
117 699
471 224
582 278
380 155
851 810
807 587
967 517
628 955
103 419
449 794
879 388
795 300
385 649
645 751
884 339
986 2
39 458
226 621
736 607
776 587
417 584
174 385
102 803
341 205
222 790
0 101
179 795
401 564
445 47
315 330
386 302
332 425
760 559
47 496
167 823
84 585
407 259
970 509
62 312
715 285
103 715
386 282
511 788
846 957
836 161
287 222
463 620
648 223
179 695
720 346
519 804
932 927
63 902
436 126
215 152
411 318
867 798
600 378
587 446
336 423
607 623
645 71
243 294
294 423
990 15
770 509
819 702
436 883
605 873
9 820
25 421
138 893
219 738
272 806
185 608
229 792
232 875
863 476
170 158
899 160
174 670
669 993
372 105
877 978
979 887
799 4
308 937
897 527
676 170
334 862
778 564
654 10
440 518
486 610
677 386
770 851
56 440
845 429
546 723
407 525
610 206
530 918
144 428
446 821
598 780
683 376
345 338
387 785
857 874
396 535
260 167
387 316
608 232
745 154
956 153
680 566
360 210
484 504
638 931
326 237
712 9
614 57
348 1
843 205
875 240
741 136
407 128
452 15
361 198
170 317
352 850
883 712
60 368
217 699
299 543
936 11
553 550
69 902
552 913
108 427
153 849
563 560
978 16
576 339
215 746
656 567
596 540
280 657
908 497
356 208
41 292
220 595
843 289
498 395
203 606
823 356
456 386
917 434
403 493
773 618
239 430
186 836
971 466
493 879
964 849
88 6
142 308
601 985
598 100
381 801
706 204
158 162
591 75
596 994
568 370
613 808
801 799
644 772
266 137
652 230
986 740
236 129
49 838
115 648
939 496
450 645
700 608
808 291
683 405
286 252
775 899
60 577
699 704
349 965
841 1
196 828
742 432
958 792
271 73
441 210
569 891
856 270
499 664
562 183
69 848
435 845
747 496
423 447
200 772
412 42
774 608
871 517
41 829
310 313
903 751
524 472
642 380
743 142
45 305
326 115
153 762
961 901
258 384
348 459
157 761
501 931
369 373
449 411
203 759
725 106
510 249
579 153
630 322
296 675
627 622
791 780
385 753
682 643
137 30
102 294
792 604
226 162
977 676
573 180
435 298
287 946
548 866
100 178
188 397
854 816
20 645
596 405
399 279
49 536
310 151
831 102
756 58
264 733
734 837
914 170
136 201
117 684
68 218
862 256
615 717
72 635
363 669
41 762
948 90
298 259
241 130
361 997
188 625
731 923
463 646
93 600
847 210
284 915
428 147
172 43
865 245
679 228
915 720
990 864
810 289
123 52
420 484
49 608
110 781
531 574
427 625
174 275
835 459
191 264
607 363
308 472
609 988
701 524
708 692
388 519
981 512
571 401
996 621
10 107
402 542
681 830
167 856
105 3
316 296
267 923
660 576
396 270
564 97
794 273
790 183
792 771
696 364
173 692
985 184
800 388
726 481
218 894
338 324
897 654
621 165
578 281
741 974
552 306
72 346
579 862
530 371
634 226
735 808
919 721
992 720
110 719
201 328
614 540
653 511
194 274
677 772
556 419
747 108
725 820
455 305
682 986
677 317
213 413
125 133
134 118
853 244
838 55
573 452
595 227
964 790
501 641
563 57
60 310
166 786
130 621
91 813
607 768
131 821
181 256
954 316
375 807
561 213
862 134
666 457
361 630
247 863
272 810
921 333
121 87
120 252
709 211
65 317
980 197
138 162
453 92
478 829
899 39
43 761
174 709
219 536
340 467
400 613
277 321
946 399
409 67
651 118
278 717
435 258
914 573
421 368
666 899
197 565
939 241
327 114
950 547
650 291
14 50
904 292
372 851
691 781
918 343
899 197
61 335
456 975
909 877
344 575
777 542
141 716
783 469
831 733
16 481
25 30
532 930
322 904
782 14
686 701
357 586
899 419
921 355
394 830
233 739
406 10
281 548
727 64
17 558
798 33
40 824
64 573
754 386
478 537
401 164
238 759
750 137
178 672
493 573
503 726
312 909
737 593
457 465
658 475
23 457
508 64
281 572
637 35
959 115
573 360
280 811
120 30
949 298
703 442
871 206
169 184
115 906
777 573
371 436
49 395
893 557
460 175
130 97
211 90
213 784
451 493
595 571
524 545
869 227
987 741
434 157
925 550
63 703
123 435
139 172
831 33
730 291
208 861
389 419
951 602
203 402
96 799
973 621
345 843
849 332
584 283
490 509
833 553
213 957
989 352
130 820
386 861
112 594
722 501
14 673
104 218
76 200
18 50
822 363
893 672
696 478
955 186
987 789
740 201
747 729
553 877
550 940
739 663
535 461
164 549
135 268
768 212
469 786
262 292
149 155
964 845
633 920
32 621
709 772
822 456
502 376
334 53
316 73
716 851
535 880
401 671
149 169
883 619
956 145
911 105
300 875
951 934
795 984
556 505
756 378
962 258
755 296
312 71
370 28
923 906
909 325
577 59
495 460
678 451
605 589
557 906
465 509
841 261
493 397
766 249
776 729
508 531
25 820
603 396
849 526
302 758
852 879
817 347
340 496
798 946
85 355
852 551
864 694
813 357
91 579
607 867
308 115
398 334
936 1
731 785
528 33
544 380
913 361
728 253
857 526
200 943
882 53
495 746
747 308
104 838
888 712
706 197
828 105
532 764
107 263
550 635
296 94
16 210
456 744
464 314
271 664
257 153
717 753
900 465
61 5
303 949
717 10
147 545
115 679
310 222
942 860
858 239
954 875
450 411
619 914
725 891
579 983
45 297
736 945
762 797
950 66
747 667
76 894
213 191
574 523
413 517
383 271
756 338
146 207
749 766
121 475
658 701
458 703
998 194
649 760
992 599
826 739
267 902
634 480
94 208
4 508
725 388
780 482
726 927
689 476
694 811
952 352
513 410
55 511
604 705
272 596
304 99
336 572
2 970
53 96
179 57
604 905
445 384
388 172
312 78
649 6
890 601
358 403
12 414
914 617
119 187
214 424
286 550
996 288
521 50
385 701
107 990
606 553
375 995
726 687
73 376
693 963
978 51
366 990
466 281
607 586
468 822
10 755
372 6
44 894
56 429
595 164
419 202
718 794
197 444
482 270
821 175
233 799
227 600
790 694
881 398
280 350
220 290
105 592
297 150
487 354
579 82
519 999
284 237
794 482
682 276
752 503
452 986
303 679
587 93
373 469
491 654
819 711
944 925
304 242
75 791
596 655
873 115
654 158
353 448
640 36
724 393
539 177
380 843
856 967
936 230
436 427
884 256
139 829
182 443
71 258
235 668
913 109
784 567
267 137
16 908
174 741
302 714
918 683
557 775
650 493
5 87
921 890
344 61
719 526
505 791
784 740
459 698
849 244
265 117
382 282
26 556
23 329
270 941
12 827
716 663
321 722
750 243
612 95
304 332
621 810
124 406
550 584
104 400
828 370
518 210
652 544
766 675
873 37
617 886
864 333
549 186
56 300
429 669
395 734
2 16
545 126
423 96
711 527
496 539
898 14
750 550
559 517
226 433
554 843
319 419
177 869
605 234
169 35
903 564
770 905
581 315
32 4
411 743
532 908
283 431
923 33
981 482
550 207
916 105
51 236
524 228
105 129
462 274
165 366
838 935
272 419
251 305
424 662
49 957
570 332
388 494
366 370
976 917
578 892
22 629
128 546
858 234
676 321
508 841
688 346
776 960
766 27
265 191
690 314
149 261
647 537
755 13
907 731
930 485
624 953
115 753
499 974
987 175
295 496
16 983
843 793
944 610
820 209
801 511
524 950
772 171
488 527
184 396
259 115
882 883
69 997
637 569
972 625
744 267
121 761
251 964
555 195
574 376
405 376
887 929
327 659
100 816
187 285
212 446
401 94
330 470
92 967
39 65
593 784
332 715
546 584
679 101
780 254
478 185
631 365
114 958
25 215
774 212
501 987
658 903
82 988
374 175
956 414
240 550
198 572
265 745
157 945
847 937
199 325
122 830
691 237
789 716
453 564
928 955
551 587
858 633
576 232
808 533
646 48
83 845
621 349
591 778
294 438
716 494
764 838
325 455
76 114
171 530
678 100
485 230
688 343
864 264
576 672
798 223
721 881
69 343
231 660
122 525
99 838
19 863
677 345
318 754
459 490
284 138
591 769
369 279
113 233
544 690
905 342
914 627
224 983
970 455
643 92
980 742
931 0
606 608
345 924
363 805
415 647
944 6
417 313
286 530
546 830
221 452
172 135
79 396
118 50
852 762
143 832
505 74
833 111
683 179
36 46
984 452
693 929
458 110
242 744
641 788
575 863
240 747
998 320
144 117
370 996
879 514
829 385
588 663
497 271
842 533
318 827
985 11
756 444
122 998
189 764
787 764
627 28
512 626
349 656
743 720
653 623
234 482
8 822
146 505
94 988
39 412
816 25
424 572
469 547
571 659
311 359
423 939
388 936
565 737
593 308
457 246
931 691
729 940
514 875
445 608
864 485
21 680
510 446
253 980
993 825
639 305
184 63
244 573
999 809
310 593
118 768
840 50
459 569
990 974
445 436
583 310
922 604
991 432
50 244
413 44
70 52
349 255
116 593
828 115
403 139
709 522
907 549
572 367
119 563
341 565
0 924
875 923
529 866
355 579
111 768
623 181
821 973
437 937
566 265
53 970
405 762
492 312
311 65
679 430
629 21
995 630
945 871
553 474
738 909
54 849
31 499
651 468
437 218
734 490
188 139
253 681
452 565
746 131
995 375
152 991
6 98
863 559
572 601
468 627
450 146
305 482
646 956
951 83
175 686
574 363
826 827
44 278
392 790
410 388
166 563
380 172
661 243
732 234
844 200
862 295
346 167
778 992
124 729
76 299
416 650
663 242
477 707
521 869
498 931
257 665
494 638
838 156
881 570
391 725
770 253
21 117
421 799
110 545
528 186
845 944
836 508
187 313
216 708
183 715
639 441
380 134
79 218
291 960
788 682
686 559
935 707
676 356
507 786
902 35
972 748
980 808
257 168
122 473
876 305
188 516
747 568
650 826
787 941
787 576
624 473
135 559
181 811
916 688
598 819
724 570
567 705
379 824
873 501
297 749
807 486
265 554
55 916
380 843
858 168
419 483
641 554
42 822
366 959
511 964
778 235
535 345
940 914
170 813
416 467
563 224
954 829
779 10
746 160
853 605
328 272
88 969
827 131
792 193
90 303
158 869
539 693
215 479
608 385
293 25
853 856
249 807
686 28
817 432
188 670
38 517
943 126
486 770
258 279
963 348
582 121
218 121
815 433
601 423
818 894
449 671
751 699
478 438
727 296
871 916
967 909
433 910
36 920
681 294
199 644
643 782
766 861
904 582
294 505
6 112
400 455
784 152
154 262
590 882
559 461
799 526
371 233
437 407
153 118
701 353
763 344
135 530
206 39
112 500
545 118
613 945
574 397
97 728
660 688
610 220
149 410
746 520
643 184
928 797
303 630
150 66
975 286
597 181
326 709
682 871
828 296
817 403
693 915
131 354
603 742
574 752
152 321
273 796
506 202
593 809
832 744
876 807
30 473
988 357
183 671
228 12
967 46
415 661
961 547
16 564
290 590
317 443
912 590
239 418
792 832
228 624
577 104
432 607
578 421
964 762
92 193
774 60
240 190
721 201
765 27
328 82
470 240
673 710
659 466
543 888
91 120
993 523
728 571
944 693
334 37
887 109
97 127
299 819
328 37
557 94
65 885
177 536
126 850
246 786
316 790
674 408
910 667
931 638
239 876
332 573
914 219
682 12
346 982
831 675
19 388
769 85
274 946
621 400
797 868
186 114
658 861
522 568
529 453
207 769
330 539
342 244
759 25
256 105
8 88
780 27
476 550
113 751
496 734
151 294
603 338
408 261
200 930
830 729
384 38
498 714
578 841
958 337
867 215
443 875
303 224
903 780
774 16
532 271
751 683
565 354
22 973
616 222
904 447
952 288
485 451
2 64
292 961
402 159
177 845
35 480
69 938
261 844
954 793
115 706
477 680
61 500
654 677
723 558
124 675
846 610
126 849
675 419
810 77
579 987
922 614
468 992
552 730
836 507
524 952
213 1
633 274
502 287
952 225
846 77
901 693
688 28
542 363
447 352
440 27
340 363
641 809
355 194
539 192
701 63
144 915
65 777
190 567
65 142
793 911
219 694
605 908
722 147
271 170
500 711
197 840
75 839
649 431
33 189
623 735
252 768
650 318
545 840
886 611
983 679
523 203
373 128
111 96
275 382
267 776
94 464
616 169
303 266
601 336
456 224
72 709
992 722
27 538
563 913
150 546
593 673
750 967
801 861
64 77
244 331
853 339
795 470
508 99
737 109
436 193
334 508
902 327
230 930
866 794
844 16
341 437
689 91
404 491
952 468
568 197
800 422
536 595
892 45
695 629
155 131
823 489
639 725
817 870
656 683
665 500
699 6
937 389
97 342
881 50
811 450
247 611
872 783
207 765
828 902
394 984
34 218
473 674
943 290
544 599
974 210
100 674
216 38
63 313
380 945
363 192
395 611
804 267
395 12
33 224
915 427
208 949
645 682
623 589
972 168
189 947
378 289
621 594
327 685
908 708
630 272
901 25
883 706
293 278
718 326
502 633
754 711
582 400
393 206
990 365
374 180
313 753
469 934
347 797
619 255
506 250
527 408
276 411
114 570
689 833
897 192
466 651
903 49
52 296
256 42
662 630
222 976
384 692
910 731
490 530
987 997
780 515
405 57
927 520
627 617
353 524
809 820
176 713
870 228
10 126
271 673
757 494
649 142
187 559
873 677
90 861
674 871
377 80
928 304
600 555
921 954
80 731
775 256
445 646
485 455
773 756
129 530
251 778
672 438
338 546
115 428
408 790
300 786
871 228
91 472
784 13
426 864
744 202
121 190
848 606
646 621
363 775
152 615
553 825
53 892
372 169
321 781
959 621
567 831
849 658
303 634
671 730
499 416
932 620
606 780
227 253
402 591
28 554
206 582
380 259
474 752
428 795
533 388
416 101
219 266
759 523
901 431
253 400
848 185
20 455
966 247
708 369
838 736
923 45
318 304
304 793
56 733
589 590
121 6
691 341
273 450
864 174
882 117
574 730
303 594
185 269
842 893
638 681
630 562
726 949
866 31
742 923
764 331
513 885
338 204
226 611
655 91
785 537
208 359
267 511
954 453
781 797
346 420
478 976
982 205
925 849
236 668
772 0
0 285
886 338
490 113
949 146
204 735
683 413
94 951
925 49
404 706
846 751
126 325
727 109
531 653
959 767
321 731
768 321
17 655
660 508
768 610
654 973
345 337
386 440
289 312
489 694
18 336
445 145
662 173
255 193
826 214
961 148
946 730
470 963
385 130
471 154
741 125
127 86
463 514
527 753
826 17
447 845
353 892
991 15
66 246
209 893
460 170
41 406
901 511
370 286
642 842
440 384
968 567
470 432
82 997
185 908
14 632
753 368
525 744
384 592
991 593
485 452
764 526
859 665
38 229
952 681
72 392
65 40
960 536
472 42
534 657
951 548
290 705
917 816
449 301
408 441
895 893
893 660
420 752
326 458
982 278
140 54
671 205
94 631
741 566
674 276
224 625
824 514
330 742
331 780
44 739
221 940
632 114
600 52
867 927
511 849
205 651
903 877
857 997
508 599
564 183
875 788
808 700
303 139
442 634
919 487
374 140
427 6
255 28
59 122
956 571
972 162
222 875
39 80
873 547
679 438
730 555
227 539
255 530
678 698
165 597
185 539
738 613
546 994
642 605
116 598
177 88
760 399
964 799
480 838
347 159
276 78
715 503
617 970
34 296
669 200
893 855
739 632
469 286
626 111
892 743
710 69
832 470
469 796
270 949
635 617
109 911
696 824
415 314
795 449
610 464
650 504
320 389
136 789
676 763
900 568
506 610
637 338
81 106
135 351
56 770
969 166
682 665
990 97
979 786
547 589
251 197
94 571
587 230
360 264
993 261
832 500
872 470
839 953
577 975
304 633
746 274
799 428
939 790
526 919
576 73
509 827
271 603
398 859
834 759
123 828
20 956
329 892
426 168
846 3
143 150
637 889
425 436
318 365
227 844
284 803
918 794
631 190
398 30
49 232
789 173
61 810
129 390
703 556
558 549
559 702
700 196
592 125
633 910
490 860
754 775
664 673
570 296
863 968
326 913
201 116
86 262
926 216
652 630
772 211
179 332
913 879
528 505
5 162
416 496
23 171
272 688
844 842
984 707
811 311
620 12
427 707
275 354
923 927
984 696
139 164
28 52
44 557
558 49
719 975
546 743
146 818
431 990
661 416
697 472
727 318
485 155
26 760
510 950
688 494
646 827
659 675
880 703
232 439
753 952
414 300
695 560
118 127
551 780
543 249
252 271
567 738
426 594
499 936
544 187
431 191
15 91
866 896
795 98
335 548
51 750
849 746
311 967
874 862
747 418
111 0
689 679
738 116
273 237
53 817
425 485
8 440
576 875
337 371
973 673
920 24
423 769
771 735
737 645
597 485
63 709
485 753
388 224
869 661
462 922
479 887
408 488
328 984
363 665
356 337
339 277
362 762
46 134
497 784
780 95
269 843
804 755
597 192
979 466
854 442
389 334
329 797
822 658
782 186
324 138
524 663
415 887
426 462
21 923
247 801
19 516
645 823
271 242
16 251
709 871
693 98
205 23
896 28
681 678
215 6
817 739
669 233
626 95
695 647
19 943
449 38
459 94
862 731
336 878
983 45
749 677
144 955
700 40
983 382
719 198
388 536
938 58
769 564
153 465
212 172
408 661
211 867
755 73
599 92
952 583
137 702
260 281
658 960
322 641
343 41
840 732
577 778
790 346
343 943
812 555
116 220
217 328
88 973
402 688
65 355
271 203
57 531
485 716
492 807
357 835
848 198
567 426
976 358
773 319
302 585
875 419
806 92
747 894
65 149
582 131
505 853
334 562
384 819
279 877
626 636
712 475
835 280
902 811
638 675
131 941
261 7
360 67
100 108
961 165
257 543
296 762
397 631
325 782
450 605
659 77
241 372
553 77
652 455
888 291
130 20
232 391
28 593
458 128
701 420
293 959
964 590
722 361
222 48
143 672
653 803
750 895
175 303
972 827
758 861
119 889
882 352
281 910
945 740
38 647
160 332
606 124
922 328
486 144
376 630
817 30
433 567
925 608
871 897
436 629
759 555
519 641
907 800
551 853
540 589
500 701
921 107
826 844
435 312
989 812
943 807
842 376
375 768
985 246
666 421
876 425
976 395
67 884
196 618
738 737
208 239
438 130
346 265
975 782
578 965
594 521
772 437
897 147
206 882
394 872
304 270
298 281
666 365
165 862
984 904
600 193
143 39
324 489
304 299
272 882
264 866
403 37
304 301
184 510
184 578
383 489
849 681
770 515
47 936
378 32
840 978
225 984
18 549
474 322
849 746
205 114
613 609
151 917
911 336
428 96
915 811
585 764
493 355
280 541
291 658
573 132
637 799
116 656
348 590
978 198
336 183
313 949
793 464
866 704
801 295
800 716
107 385
481 600
741 761
141 32
420 715
164 58
514 280
714 863
871 693
61 207
877 374
156 670
839 23
374 640
319 174
357 426
560 838
27 301
600 168
334 20
884 498
79 398
779 793
261 650
487 323
858 364
698 15
34 537
39 409
178 358
584 535
784 144
374 811
446 974
980 780
995 864
279 75
263 59
869 524
710 356
847 568
720 545
584 755
83 623
164 262
981 748
797 766
893 172
578 340
147 558
120 142
423 400
218 686
460 87
211 170
443 59
739 164
605 323
919 689
946 84
951 928
832 749
694 726
921 272
66 68
831 187
211 255
588 430
942 48
517 153
219 960
213 958
124 819
281 43
508 228
127 459
156 960
208 851
687 130
123 754
199 955
941 411
210 529
841 152
578 358
306 797
319 520
755 443
339 37
487 847
266 615
307 422
576 516
274 263
647 398
17 846
353 959
258 564
489 99
717 67
458 24
865 777
544 621
221 884
658 709
732 924
325 39
347 901
556 621
165 203
20 183
50 373
143 308
937 632
408 655
700 866
679 566
644 223
187 866
107 846
575 839
771 900
879 118
802 435
740 968
639 760
151 689
134 295
997 72
928 405
727 628
272 406
195 917
630 382
783 738
228 359
578 999
260 457
118 62
893 859
31 533
620 183
222 754
478 220
827 406
626 555
35 898
962 230
816 592
612 599
331 841
959 909
841 219
367 960
282 261
820 313
794 440
496 17
195 975
237 22
381 863
578 416
762 540
647 578
132 259
178 464
101 137
373 943
357 741
903 640
3 723
954 797
164 451
814 359
426 51
382 807
915 960
224 677
500 871
255 633
131 434
97 233
572 471
176 929
212 80
570 215
803 524
13 967
975 828
327 401
880 710
209 795
670 433
472 171
305 728
804 436
163 902
669 735
373 846
665 586
926 235
802 730
759 816
697 734
644 25
136 524
735 345
319 406
778 792
577 84
520 381
520 683
284 190
419 657
37 84
244 963
319 47
693 79
863 391
813 507
417 949
31 152
295 351
558 74
143 136
158 664
517 679
348 802
870 767
459 907
852 704
871 171
751 565
251 614
957 65
122 374
15 153
527 310
504 86
384 648
222 542
312 740
221 660
542 91
428 2
999 280
706 870
452 458
435 703
72 392
768 194
767 783
348 294
93 853
380 477
501 602
20 814
342 241
474 885
333 903
887 333
183 594
203 635
52 639
338 125
32 107
319 799
890 668
94 983
521 474
461 23
77 481
